7.16
7.23
7.31
6.81
6.89
6.91
7.00
6.74
6.96
6.81
6.97
6.77
7.42
7.07
7.28
7.67
6.76
6.71
7.25
6.78
7.14
7.08
7.49
6.74
7.11
7.04
7.14
6.45
7.18
7.20
7.00
7.11
6.93
6.38
6.95
7.42
7.18
7.29
7.63
7.67
7.60
7.26
7.87
7.48
7.74
7.44
7.57
7.84
7.72
7.63
7.23
7.62
7.54
7.01
7.84
8.11
7.08
7.12
7.42
7.05
0.28
3.82
7.47
7.20
5.18
6.49
6.37
6.39
6.43
5.79
6.94
6.37
6.86
7.25
7.17
7.42
7.37
7.09
7.32
5.83
7.63
4.11
4.34
6.75
6.87
6.89
6.89
6.65
7.17
7.20
6.28
6.78
6.62
6.23
6.00
6.05
5.77
6.73
7.05
6.32
6.41
6.80
6.66
6.21
6.03
6.60
6.54
5.86
6.62
6.64
6.23
6.66
5.20
6.66
6.72
6.31
6.85
6.75
7.11
5.59
4.97
6.88
6.51
6.46
7.02
7.01
7.08
6.96
6.90
6.91
5.84
5.89
6.46
6.41
7.18
6.63
6.71
6.90
6.44
6.37
6.66
6.75
7.06
6.80
6.26
6.50
7.10
6.43
6.23
6.46
