6.81
6.97
6.33
7.12
6.94
6.71
6.55
7.06
7.02
6.67
6.99
6.68
6.66
7.15
7.04
6.27
6.48
6.94
6.53
6.80
6.62
6.13
6.24
5.96
6.89
6.61
6.80
6.13
5.64
6.56
6.19
4.73
5.00
4.44
3.39
3.90
4.19
4.32
5.44
6.08
6.15
6.07
6.26
5.92
5.79
6.36
5.87
6.13
6.04
5.44
5.97
5.89
6.07
5.92
6.34
6.14
5.41
6.40
6.53
6.41
6.41
6.51
6.27
6.31
6.59
6.29
6.47
6.59
6.81
6.42
6.58
6.59
6.50
6.84
7.08
6.10
6.68
6.00
6.07
6.47
6.79
6.59
6.28
6.48
6.93
6.30
6.09
6.82
6.54
6.47
6.44
6.54
6.63
6.56
6.17
6.26
6.31
6.74
6.61
6.33
6.49
6.40
6.34
6.36
6.75
7.03
6.61
7.24
7.24
7.09
7.32
6.83
6.77
6.52
6.72
6.79
6.85
7.05
7.05
6.90
6.63
6.93
7.04
7.05
6.88
6.72
7.14
6.62
6.75
6.71
7.14
6.97
6.63
6.43
6.94
6.64
6.71
6.38
6.80
5.56
6.48
6.96
4.88
5.66
6.65
6.76
6.90
6.84
6.94
6.72
