4.31
3.90
4.10
3.66
3.55
3.99
4.30
3.84
3.79
3.53
3.62
3.91
4.56
4.13
4.87
4.40
4.48
4.71
4.54
5.05
5.24
5.16
4.58
4.90
5.08
4.66
4.79
4.61
4.96
4.73
4.53
3.61
2.62
3.10
3.87
4.80
2.06
1.88
4.84
4.70
4.70
5.30
4.47
4.20
0.99
1.64
5.13
4.69
1.17
0.92
2.91
4.43
4.16
4.34
4.46
1.43
4.87
5.04
4.61
1.64
0.93
1.23
0.87
1.11
1.16
1.80
1.02
0.93
0.98
3.34
1.47
1.25
1.22
1.23
1.47
3.57
2.50
1.02
2.81
0.93
0.93
1.16
0.92
3.89
1.23
1.55
2.94
3.39
3.38
3.32
2.62
1.11
2.39
1.04
3.33
4.50
4.78
5.27
5.09
4.33
4.77
4.81
5.11
4.35
4.49
4.89
5.21
5.06
5.51
5.28
5.06
5.08
5.06
5.68
4.75
1.08
1.35
1.16
1.05
1.22
2.21
1.11
1.58
1.24
1.24
1.15
2.00
1.73
1.14
1.24
1.22
1.38
1.46
1.29
0.98
1.47
1.17
1.44
1.24
1.21
1.00
1.61
2.53
1.58
1.19
0.99
0.82
1.07
1.02
1.37
