7.11
7.45
7.67
7.51
7.57
7.33
7.51
7.52
7.83
7.48
6.13
6.64
7.19
7.29
7.43
7.41
7.34
7.51
7.33
7.39
7.18
7.32
7.62
7.24
7.20
7.35
7.22
7.12
7.48
7.32
7.33
7.39
7.66
7.19
7.61
7.92
7.10
7.63
7.50
7.54
6.76
6.54
6.81
6.01
5.46
5.94
5.80
4.70
6.37
6.73
5.85
7.16
7.46
6.90
6.84
5.84
7.26
7.36
7.31
7.84
7.19
7.82
7.42
7.62
7.33
7.57
7.17
7.23
6.74
7.13
7.19
7.45
7.13
7.35
7.62
7.51
7.07
6.77
6.96
6.81
6.42
6.91
7.30
6.74
7.34
7.25
7.13
7.43
7.24
7.37
7.21
6.83
6.99
7.42
7.52
7.07
7.36
6.73
6.30
6.42
5.70
5.96
6.73
5.97
5.73
6.22
5.75
6.22
5.38
5.49
5.81
6.23
5.23
5.91
6.41
6.15
5.20
5.37
5.73
5.92
5.61
6.06
6.12
6.25
5.78
5.52
6.69
6.50
6.02
5.28
6.31
6.24
5.97
5.44
6.54
6.22
5.53
7.10
6.78
6.81
6.87
6.88
6.64
6.45
6.71
6.14
7.07
6.57
7.18
7.09
