2.95
2.68
2.49
3.44
3.40
3.36
2.83
3.16
3.52
3.00
1.70
1.69
1.43
1.94
1.89
2.34
1.70
2.28
2.17
2.17
2.12
2.21
1.73
1.91
1.80
2.17
2.11
2.04
2.31
2.08
2.25
2.35
2.37
1.70
2.22
2.11
1.52
2.11
1.64
2.06
2.06
2.48
2.38
2.02
2.49
2.34
1.88
1.85
1.76
2.07
1.72
2.25
2.25
2.06
2.37
2.44
1.88
2.57
2.30
1.88
1.95
2.49
2.65
1.96
2.48
2.40
2.21
2.42
2.05
2.36
2.04
2.27
2.37
2.08
2.27
2.30
2.15
1.60
2.55
2.18
1.90
1.95
2.46
2.31
2.54
2.27
1.85
2.09
2.41
2.32
1.98
1.88
2.43
2.16
2.31
2.76
2.16
2.68
2.28
2.05
2.37
2.29
2.48
1.69
2.27
2.81
2.58
2.77
2.38
2.51
2.42
2.15
2.67
1.96
2.07
2.70
2.36
2.44
2.42
2.60
2.70
2.91
2.89
3.07
3.25
2.58
2.18
2.31
2.81
2.30
2.31
2.56
2.30
2.13
2.68
2.57
2.17
2.00
2.73
2.19
2.28
2.41
2.19
2.43
2.18
2.22
2.02
1.99
1.91
2.04
