1.08
1.47
2.10
2.40
1.48
0.85
1.04
0.74
0.93
0.83
0.74
0.74
0.80
0.83
0.82
1.01
0.91
0.96
0.80
0.59
0.68
1.34
1.39
1.23
1.11
1.33
1.11
0.97
1.08
0.92
0.79
0.93
0.71
1.08
0.99
0.70
0.93
0.77
0.81
0.60
0.80
0.59
0.77
0.61
0.88
0.80
0.76
0.74
0.86
0.59
0.60
0.92
1.01
0.87
0.75
0.95
1.05
0.86
0.70
0.59
0.76
1.08
0.84
1.72
3.50
3.36
3.31
3.79
4.58
4.31
4.17
3.98
3.94
4.14
3.27
3.74
4.09
3.37
4.18
4.47
4.01
2.95
3.88
4.20
4.11
4.12
3.15
3.13
3.75
3.35
4.12
3.39
4.63
4.30
4.06
4.69
4.56
4.31
4.51
5.19
4.82
4.18
4.86
4.25
3.88
4.60
4.45
4.93
5.03
5.39
5.32
4.69
5.45
5.17
5.10
4.90
4.75
4.90
3.85
4.62
5.02
4.56
4.84
4.94
4.64
4.72
4.90
4.93
4.75
4.82
4.96
4.59
5.46
5.01
4.70
4.97
4.84
4.54
4.03
4.69
4.73
4.62
4.41
4.52
4.35
4.45
5.36
5.20
5.10
4.39
