7.71
7.38
7.26
7.66
7.24
6.48
7.13
6.47
7.29
5.94
5.92
6.59
6.81
6.88
7.25
7.33
7.96
7.52
7.91
7.53
7.62
7.84
7.10
7.42
7.23
7.47
7.44
7.36
7.51
7.15
7.07
6.91
6.85
6.46
7.22
7.58
7.41
7.33
7.46
7.63
7.36
7.27
7.09
6.68
6.72
7.30
6.29
7.24
6.89
7.14
6.47
6.91
7.28
7.00
6.77
7.07
7.14
6.98
6.76
7.08
6.84
6.98
7.45
7.06
6.36
6.59
5.33
7.55
7.19
5.74
7.20
7.30
6.94
6.60
7.15
7.70
6.68
7.30
7.30
6.94
5.24
6.91
7.42
7.37
7.08
6.82
7.95
7.57
7.55
7.23
7.69
6.91
7.62
7.24
7.76
7.83
8.17
7.75
7.26
7.58
7.28
7.55
7.43
6.90
7.45
7.00
6.41
7.43
7.46
7.52
7.24
7.63
7.14
7.61
7.36
7.60
7.49
7.52
6.95
7.84
7.94
7.78
7.62
6.53
7.47
7.41
7.22
7.23
6.80
6.73
7.39
6.71
6.39
7.07
5.99
6.67
6.37
5.55
7.19
7.39
6.98
7.12
7.84
7.26
7.68
8.05
7.49
7.82
8.11
7.68