7.39
7.46
7.47
7.96
7.41
6.87
7.50
7.27
7.29
7.38
7.41
6.73
6.91
6.82
7.48
7.12
7.33
7.49
7.07
7.14
7.42
7.76
7.73
7.49
7.40
7.21
7.71
7.18
7.19
7.30
7.20
7.47
7.52
7.20
7.42
7.16
7.21
7.48
7.46
7.46
7.27
7.44
7.04
7.44
7.34
7.46
7.48
7.51
7.45
7.42
5.45
6.27
5.86
5.98
6.03
6.33
6.14
5.74
4.43
5.96
6.44
6.47
5.83
5.95
4.50
5.56
6.13
6.15
5.90
6.15
6.23
6.46
6.03
6.15
6.30
5.92
6.22
6.64
6.20
6.34
6.42
6.05
6.22
6.24
5.95
5.93
6.36
6.45
6.46
5.98
6.24
6.42
6.21
6.39
6.33
6.14
5.48
2.99
2.64
2.96
